P_rect_00: 1794.534390579522 0.0 718.8738861083984 0.0 0.0 1794.534390579522 566.6582870483398 0.0 0.0 0.0 1.0 0.0
P_rect_01: 1794.534390579522 0.0 718.8738861083984 -358.5570266390685 0.0 1794.534390579522 566.6582870483398 0.0 0.0 0.0 1.0 0.0
P_rect_02: 1794.534390579522 0.0 718.8738861083984 0.0 0.0 1794.534390579522 566.6582870483398 0.0 0.0 0.0 1.0 0.0
P_rect_03: 1794.534390579522 0.0 718.8738861083984 -358.5570266390685 0.0 1794.534390579522 566.6582870483398 0.0 0.0 0.0 1.0 0.0
R_rect_00: 0.9998920857026459 -0.001944402477755873 0.014561464494238162 0.002044986050465744 0.9999741325392855 -0.006895816438764979 -0.014547679583557726 0.006924850273344376 0.9998701973093437
Tr_velo_to_cam: 1.0 0.0 0.0 0.0 0.0 1.0 0.0 0.0 0.0 0.0 1.0 0.0 0.0 0.0 0.0 1.0
Tr_imu_to_velo: 1.0 0.0 0.0 0.0 0.0 1.0 0.0 0.0 0.0 0.0 1.0 0.0 0.0 0.0 0.0 1.0
